$GNRMC,204115.00,A,5431.04636,N,03614.41460,E,0.488,,020724,,,A*69

$GNVTG,,T,,M,0.488,N,0.905,K,A*35

$GNGGA,204115.00,5431.04636,N,03614.41460,E,1,03,5.47,191.8,M,15.1,M,,*43
$GNGSA,A,2,07,22,,,,,,,,,,,5.57,5.47,1.00*1A
$GNGSA,A,2,65,,,,,,,,,,,,5.57,5.47,1.00*1E
$GPGSV,2,1,07,07,40,089,36,13,57,291,,14,62,180,,15,27,306,15*78
$GPGSV,2,2,07,17,03,157,,18,02,318,,22,42,198,27*4A
$GLGSV,3,1,09,65,35,177,33,66,70,258,,67,28,324,,75,47,050,19*60
$GLGSV,3,2,09,76,68,246,,77,20,238,,83,06,336,,84,20,035,*6A
$GLGSV,3,3,09,85,07,087,14*5C
$GNGLL,5431.04636,N,03614.41460,E,204115.00,A,A*77

$GNRMC,204116.00,A,5431.04656,N,03614.41412,E,0.834,,020724,,,A*62

$GNVTG,,T,,M,0.834,N,1.545,K,A*37

$GNGGA,204116.00,5431.04656,N,03614.41412,E,1,03,5.47,192.2,M,15.1,M,,*4A
$GNGSA,A,2,07,22,,,,,,,,,,,5.56,5.47,1.00*1B
$GNGSA,A,2,65,,,,,,,,,,,,5.56,5.47,1.00*1F
$GPGSV,2,1,07,07,40,089,36,13,57,291,,14,62,180,,15,27,306,15*78
$GPGSV,2,2,07,17,03,157,,18,02,318,,22,42,198,27*4A
$GLGSV,3,1,09,65,35,177,33,66,70,258,,67,28,324,,75,47,050,19*60
$GLGSV,3,2,09,76,68,246,,77,20,238,,83,06,336,,84,20,035,*6A
$GLGSV,3,3,09,85,07,087,15*5D
$GNGLL,5431.04656,N,03614.41412,E,204116.00,A,A*77